1746894519564 6.188969135284424 0
1746894543412 2.084829568862915 1
1746894566535 1.0163251161575317 2
1746894591552 0.8350077867507935 3
1746894616988 0.7659461498260498 4
1746894642129 0.7133024334907532 5
1746894666490 0.6671780347824097 6
1746894692066 0.6271346807479858 7
1746894717133 0.5935363173484802 8
1746894742288 0.5627278685569763 9
1746894766684 0.5305984616279602 10
1746894791590 0.507957935333252 11
1746894816285 0.48844727873802185 12
1746894839916 0.47090020775794983 13
1746894863848 0.4603081941604614 14
1746894887517 0.44542258977890015 15
1746894910865 0.43604356050491333 16
1746894934685 0.42996224761009216 17
1746894959072 0.4184550344944 18
1746894983310 0.40408143401145935 19
1746895006949 0.39970332384109497 20
1746895031324 0.3925974369049072 21
1746895055579 0.3921383321285248 22
1746895079108 0.37943434715270996 23
1746895103164 0.3750077784061432 24
1746895127116 0.37162744998931885 25
1746895150759 0.36779093742370605 26
1746895174505 0.3659683167934418 27
1746895198595 0.3588026165962219 28
1746895222963 0.3535216748714447 29
1746895246284 0.3580045700073242 30
1746895270328 0.3485945761203766 31
1746895294558 0.354861319065094 32
1746895318330 0.3458007872104645 33
1746895342107 0.3478238880634308 34
1746895366638 0.34000110626220703 35
1746895389731 0.33528366684913635 36
1746895413702 0.3267334997653961 37
1746895437939 0.3222024142742157 38
1746895461083 0.3184533715248108 39
1746895485643 0.32036852836608887 40
1746895509460 0.3173598051071167 41
1746895533435 0.3237439692020416 42
1746895557276 0.3189206123352051 43
1746895581566 0.3449365794658661 44
1746895605429 0.320384681224823 45
1746895629102 0.3103746175765991 46
1746895653294 0.30226752161979675 47
1746895677430 0.317571222782135 48
1746895700813 0.3052046597003937 49
1746895725237 0.29819098114967346 50
1746895748928 0.326906681060791 51
1746895771957 0.316178560256958 52
1746895796474 0.29287323355674744 53
1746895820227 0.29002946615219116 54
1746895843973 0.31299448013305664 55
1746895867185 0.2896779179573059 56
1746895891604 0.28529229760169983 57
1746895915784 0.2902008295059204 58
1746895939446 0.28589436411857605 59
1746895963611 0.2854407727718353 60
1746895987533 0.28221428394317627 61
1746896011672 0.2760654389858246 62
1746896036053 0.3007452189922333 63
1746896059955 0.28099358081817627 64
1746896083824 0.27492284774780273 65
1746896107509 0.28657838702201843 66
1746896131948 0.269755095243454 67
1746896155883 0.2653515934944153 68
1746896179019 0.2641493082046509 69
1746896203068 0.2631298303604126 70
1746896226956 0.2641763985157013 71
1746896250344 0.2603784203529358 72
1746896274300 0.2574320137500763 73
1746896298550 0.2589345872402191 74
1746896322019 0.25844186544418335 75
1746896345852 0.25475895404815674 76
1746896369985 0.26263895630836487 77
1746896393656 0.2835855185985565 78
1746896417060 0.2558506727218628 79
1746896441105 0.25207382440567017 80
1746896465399 0.25007152557373047 81
1746896488683 0.24964500963687897 82
1746896512748 0.3645106852054596 83
1746896536970 0.32354819774627686 84
1746896560474 0.29887664318084717 85
1746896584596 0.28572872281074524 86
1746896608917 0.2783466875553131 87
1746896631929 0.28591129183769226 88
1746896655728 0.2831977307796478 89
1746896679528 0.2741624414920807 90
