1746888625910 5.136132717132568 0
1746888647134 1.8417085409164429 1
1746888668832 0.9596491456031799 2
1746888691110 0.8202681541442871 3
1746888713423 0.7422500252723694 4
1746888736050 0.6870527267456055 5
1746888758456 0.6418216824531555 6
1746888781007 0.6005047559738159 7
1746888803398 0.5729610323905945 8
1746888826132 0.5447829365730286 9
1746888848722 0.5193942785263062 10
1746888871867 0.4966006278991699 11
1746888894489 0.47264954447746277 12
1746888917309 0.46142342686653137 13
1746888940312 0.4477696716785431 14
1746888962952 0.4279837906360626 15
1746888985866 0.41696059703826904 16
1746889009107 0.4111517667770386 17
1746889031980 0.3999553918838501 18
1746889054811 0.38965317606925964 19
1746889077542 0.3877533972263336 20
1746889100419 0.37587714195251465 21
1746889123145 0.36996421217918396 22
1746889145982 0.37792351841926575 23
1746889168916 0.36944639682769775 24
1746889192105 0.3742266595363617 25
1746889214860 0.3645394742488861 26
1746889238444 0.3556622564792633 27
1746889261590 0.3467481732368469 28
1746889284962 0.34574440121650696 29
1746889308057 0.3382311761379242 30
1746889331523 0.37968146800994873 31
1746889354591 0.3965403139591217 32
1746889377439 0.36260905861854553 33
1746889400175 0.3487005829811096 34
1746889422759 0.36628130078315735 35
1746889445919 0.3978329598903656 36
1746889468494 0.36474987864494324 37
1746889491094 0.35275277495384216 38
1746889514159 0.34714657068252563 39
1746889537630 0.34183216094970703 40
